<?xml version="1.0"?>
<opencv_storage>
<intrinsic type_id="opencv-matrix">
  <rows>3</rows>
  <cols>3</cols>
  <dt>d</dt>
  <data>
    5.8733854017671445e+02 0. 320. 0. 8.2810797089466280e+02 240. 0. 0.
    1.</data></intrinsic>
<distCoeffs type_id="opencv-matrix">
  <rows>5</rows>
  <cols>1</cols>
  <dt>d</dt>
  <data>
    1.1634413018792760e+00 -9.6781407906784818e+00
    -2.5160271213270641e-01 -1.1304809729022561e-01 0.</data></distCoeffs>
</opencv_storage>
